Epoch : 1  | Loss : 2.2818312144369677 Epoch : 2  | Loss : 1.2243717017670848 Epoch : 3  | Loss : 0.9995630541835928 
Epoch : 1  | Loss : 2.0532089978920007 Epoch : 2  | Loss : 0.9271728319999499 
Epoch : 1  | Loss : 2.195835684266798 Epoch : 2  | Loss : 1.0399003528957358 Epoch : 1  | Loss : 2.273970343576554 Epoch : 2  | Loss : 1.1345434003188961 Epoch : 1  | Loss : 2.317689967085304 Epoch : 2  | Loss : 1.1281203635102712 
