EPOCH : 0 | Avg Loss: 2.8874550656442532EPOCH : 1 | Avg Loss: 2.877085415341865EPOCH : 2 | Avg Loss: 2.8728290529198985
EPOCH : 0 | Avg Loss: 2.8859726817430493EPOCH : 1 | Avg Loss: 2.877116478807338EPOCH : 2 | Avg Loss: 2.87208788712619EPOCH : 0 | Avg Loss: 2.8872040106800236EPOCH : 1 | Avg Loss: 2.876969548221795EPOCH : 2 | Avg Loss: 2.868414410727021EPOCH : 0 | Avg Loss: 2.8867007198830823EPOCH : 1 | Avg Loss: 2.87740421495602EPOCH : 2 | Avg Loss: 2.8725651218491275